2026-03-29 21:24:25.21953 INFO::Writing function arguments to log file
2026-03-29 21:24:25.227287 DEBUG::Function arguments
2026-03-29 21:24:25.227625 DEBUG::Output folder: to_delete
2026-03-29 21:24:25.227867 DEBUG::Min Abundance: 0.001000
2026-03-29 21:24:25.228088 DEBUG::Min Prevalence: 0.100000
2026-03-29 21:24:25.228286 DEBUG::Normalization: NONE
2026-03-29 21:24:25.228481 DEBUG::Transform: AST
2026-03-29 21:24:25.228671 DEBUG::Analysis method: LM
2026-03-29 21:24:25.228933 DEBUG::Max significance: 0.050000
2026-03-29 21:24:25.229153 DEBUG::Random effects:
2026-03-29 21:24:25.229381 DEBUG::Fixed effects: antidepressant_on_off
2026-03-29 21:24:25.229607 DEBUG::Correction method: BH
2026-03-29 21:24:25.229832 DEBUG::Standardize: TRUE
2026-03-29 21:24:25.230061 DEBUG::Cores: 1
2026-03-29 21:24:25.230269 INFO::Verifying options selected are valid
2026-03-29 21:24:25.23122 INFO::Determining format of input files
2026-03-29 21:24:25.232047 INFO::Input format is data samples as columns and metadata samples as rows
2026-03-29 21:24:25.234247 DEBUG::Transformed data so samples are rows
2026-03-29 21:24:25.237174 DEBUG::A total of 81 samples were found in both the data and metadata
2026-03-29 21:24:25.237725 DEBUG::Reordering data/metadata to use same sample ordering
2026-03-29 21:24:25.252032 INFO::Formula for fixed effects: expr ~  antidepressant_on_off
2026-03-29 21:24:25.253494 INFO::Filter data based on min abundance and min prevalence
2026-03-29 21:24:25.254247 INFO::Total samples in data: 81
2026-03-29 21:24:25.2549 INFO::Min samples required with min abundance for a feature not to be filtered: 8.100000
2026-03-29 21:24:25.258321 INFO::Total filtered features: 131
2026-03-29 21:24:25.259203 INFO::Filtered feature names from abundance and prevalence filtering: fb29f2e7956124e77734a0ca2af01d0a, X339605e97895b23e25194b055c664c4d, X4028d23af5f1286be07c5136a1d8f58a, e6e6449c29a4c4ad279dbd78ed42a96f, X207f69965e1f77cb3603cb3837550d27, X2aebd633398f7fbd781d19e796ddef44, aa51df9f22b83be78d5197dd1e3bc579, X5582a6c8ce3929883b731ad371dc94d2, X3b169de76f3ef4b95b2814b60bcb6085, X5c642c9189b99ecfb98cae94eb82e64e, X854bdbec61926aa069f49ea7c119123b, e80d746c575337665b7b121014d2bd45, X581fd5475291d6cf7dbf0cc7b822dcce, c7cd24e09fd0cb5dbe4e1708e6abea8b, X8a3859af7e31ab09ace84189d77cfacf, b0bc4357426c34486d3ac268da439c1b, b0da50a1ad3498222ae1726a856cb0b4, d52a0395431a1912fd52bda732cd2784, X349c103d41f354dcd833c83f9906c4e0, X6f60e6e8029c7ba90a0985843aae53c3, a907bee6a52232232aaa876d9120ccac, f582afdf710d520b60b0f705c36c73de, X455f264545784dd480803d8ccc51a7ad, d0a41fe36b3116634a6bf7e1975d73b5, X34c6631ee301d18b44681113fa6d71f3, X1da48a1c2f0e403f90119fb0f8fedd71, X47d7316c54bc87e644dd189c5d97dd08, X00bcae87c1548681b4c3b81974b17757, d06877e36d84c7b852fe279e8ec0a1c1, X968ea943c0f725cf0c74598064bcdca2, c205f79dedc9a88c6ce3bb0bead277dc, f0ada27a045a4e352ebfef543659ff4a, X6606039c15e8171af074f97a81ac772b, efb00403057bc7d4bd389578d4fd9b59, X9ef948eb3a45bb387b6ffebc73a1e40d, ad3a541566e62e4aee929f704cce8bd4, b25515aa021878dc9df04b629e2fe071, a060009ba26165b3b8bc4b31ea97c8d3, c8b3ca914d386a72a005ea768b75139a, X9a11dadc78569bdaf80c5b36fe84a4dd, e80e2e5c681992192f47ae78069a237b, ba1fbc8814022b218e6d2f216992b4c3, eccca7b198b45833b2c66f85c8609c31, X55b946c83572b2b4bf788658d85b811a, X0af54fe3b78ec0e1550100c1f041a3ea, f8eb21fa7d0f61e56d70fb3e10f21312, X9ed1d2334fa8c716e829efaf9e43b141, a0a2bf55be121cb1d0b8057e6f7c93db, X5dc080a9cd361dde1a6359c2a624b90a, c91cae479b40c79c904f90019ac0c7ba, X56c5c8b497868327cead7fa97bd0e0dd, X027057f49d084a31ad01dc3cdfd3b4a8, X177a1d72fec42fc073b6aee10b2b8d41, X953f42cadc2feaf8ce290833717d34c8, c015287c654421434118384b657d4d8a, X1f7fb8107a412a0d2aaa01131fce54d6, a6d08912022263d9426a632f2faeacdd, X76f07d472479204915dbcb4573511a35, d9d5691115fcab7af7b27bc5ea8f151e, c3544196f83a9abfab00032a7e3f9d4a, X97b3fa3078649b9b6e4c440cca8c010f, X503a13c8335b84252f1d8d2898b73e3a, X1a115cf9238521f2ff6ed5c6ba07c39c, X665dac774674162a8eb55497eac3e614, X5fec58617cbe13b3a43ede3ef6a43cf6, X986672a559dc386d3bc2b0d861ec7b5f, a990cde32032fc0d273b01140e2bde08, X8ffd544d9f9a5ecda974cfda0291cbba, X978cef7422bbc0e2788b46aa21a1ba45, X3b55e479207d8024c1b79cc8f8653a29, ff883d4fd395631efb66cf0baf5c495b, X9bc7d391bafe4f8bf802ad8e09558880, X3fc7cb9279bd3721977be21f414cbde3, X364802912f16887aa5dbc406d72cfd36, X594061f7ab7dca5675a8d4bd6c6b8dd5, d2b13c3c4457fe163f33bade199526be, X7ee3d2c46920726053d055953328c7b2, e8d5562e9761500b0d5c551299053ede, e381fbff52e2c2d1911955ef9c367e24, X6670c4f7c03c79cc895d96436a028bef, X0b94c2b9a818afbc69ec66c8e39cbd36, c2af6812999dce1dd309687705c5297b, d79258492c3d8b509c14b4f5daed06f2, X48fbe0360f0a5e2e42941bfcd8f17586, c9e25d9130359869db0c8fca59bdb623, X01dd211b6f7d2a737bf3bd305aaaaf11, X3f546b0e9fdcc627f422d1d71379da3c, X1ad71752c7001489c2b45c49dcc57ee5, X197e11a7f1ed7a7eb49f607aa31452c8, e48c404b088fb115ff2dd125dfd8f060, X15c6213a3abd29d56a8abe6b184b6bdd, X90000dacb40622abfa95a29f4b546047, X7b9534cf243b1f72efb7893c3a5239df, ecc77fda7dff51ce284f1d7ec7c6d03d, X6f0c6864bcf0d92e4f3e14b398982089, X6d8833f5295141e9736ecc7e73ed175e, caea21b169a52dc6cbf1f6ec8fdba359, X15130239ad5e254a0565a3b4961dfa46, X423b22b6859600abae7ed640d311492c, X1a5b4c180fcfd226ae5b1d5245cdd727, bb123be4da0ba73a651bdf9ebee1cd1d, X255412a8817a45dd48cb0dfb86ba95bb, X5c9691ae5c40747ac57be467111f7f33, X2dceb5e9382639e316a2a9ba32ab05fc, X3569638ef99ff21371c043793343e5aa, fb49838a6bab163da304d5273d0b6d4f, X920b6f8c40bd672f3886550b5b842616, X452bb8f858c11e9e5276b10d432ac72f, X5a6f4b8d70e15dc2574f3086c1aca2e1, X7e03efbe7016babe50819b2fbb3f418e, X99f9f1c46c3213be65cc7259a7cea9fa, ceb170a953e666b46972bde19224ef61, X297c96071546b413b5c226b3b880037f, X055a549790523c1e9a2fe1f7e5cf6913, X8cf3537b67e4790aed1b0daea6b932e2, X10f50488866f0df67ff6cc3dbf3e9440, X4ca442b4427ad4e5aa9e3e658698e4a7, c34f8500f818c2ce1dc4d31ed2dd1dde, X34fcbf1e6d78537cc502407616d82509, c7c94a91d9b3f691e564826542a8bab6, X7b62f1ca245f60a8ff932195cf5ab1af, X5bf0b224259bce5d88e053fea757e74d, db0a834bb43edb051f61cb94be6fe939, X919448dfb6a72943d7bd8c6734d8e914, X3bed4155459129a0c980ff95974abe46, X56bd56d7782912f1431fc3bcb7abc3d0, c6104dde5f95e177090f2ce3ccb41f09, X56fd6500002bee423c3a583dcc6f4dc0, X18d57bcdab61ef704cfedc7e0f6e4cd5, c4622d6f2f9d495d482650129e6541aa, f421c5919ac0290a3e5ac1a50c44c1d2
2026-03-29 21:24:25.262237 INFO::Total filtered features with variance filtering: 0
2026-03-29 21:24:25.262946 INFO::Filtered feature names from variance filtering:
2026-03-29 21:24:25.263489 INFO::Running selected normalization method: NONE
2026-03-29 21:24:25.264033 INFO::Applying z-score to standardize continuous metadata
2026-03-29 21:24:25.272366 INFO::Running selected transform method: AST
2026-03-29 21:24:25.286442 INFO::Running selected analysis method: LM
2026-03-29 21:24:25.294168 INFO::Fitting model to feature number 1, X771297580338a662f0c1fb0000f33e3c
2026-03-29 21:24:25.298614 INFO::Fitting model to feature number 2, b9eadd7c15566af3bb15cee86f75e769
2026-03-29 21:24:25.302414 INFO::Fitting model to feature number 3, c49bc9c1c22dd48888d2e1e060306218
2026-03-29 21:24:25.304427 INFO::Fitting model to feature number 4, X1b91af1335f5b38083d553659b358c45
2026-03-29 21:24:25.306032 INFO::Fitting model to feature number 5, X0ed13e9a3209e5ef433060aacd9e16ad
2026-03-29 21:24:25.307634 INFO::Fitting model to feature number 6, f64933c998313b78c2179f488bfb0953
2026-03-29 21:24:25.309533 INFO::Fitting model to feature number 7, b1312478658160c25c92a75d5272c96d
2026-03-29 21:24:25.311057 INFO::Fitting model to feature number 8, X8878e25191e464f0a29c75e59a14a9c1
2026-03-29 21:24:25.312543 INFO::Fitting model to feature number 9, X92bb55d78fc8f3bad70bbc6b9034a795
2026-03-29 21:24:25.313957 INFO::Fitting model to feature number 10, fc3c9f86dc3321b88cc05450fa4d662a
2026-03-29 21:24:25.315432 INFO::Fitting model to feature number 11, X06a6e5bcf8c2b8dc026c93190ef43175
2026-03-29 21:24:25.316999 INFO::Fitting model to feature number 12, X3a7495f68945aa7071868ee6f0255243
2026-03-29 21:24:25.318541 INFO::Fitting model to feature number 13, X9132071c6a76ae971f847adc316f0af8
2026-03-29 21:24:25.320315 INFO::Fitting model to feature number 14, X265f63913fa0c782699945b493eeaeca
2026-03-29 21:24:25.322226 INFO::Fitting model to feature number 15, X1815597849cf47548b8456c4c080f334
2026-03-29 21:24:25.325349 INFO::Fitting model to feature number 16, X57f0e6566995476b5eae2b4237c930fd
2026-03-29 21:24:25.330594 INFO::Fitting model to feature number 17, d348b3e42b9cd325d1f0088462aedcf3
2026-03-29 21:24:25.332667 INFO::Fitting model to feature number 18, X07f847da0f14d338851bff36302b1d5d
2026-03-29 21:24:25.334324 INFO::Fitting model to feature number 19, X5aaba32e1583dee8243e66c42c2b5d8f
2026-03-29 21:24:25.335884 INFO::Fitting model to feature number 20, X6529f9e2b6de004f778a46eb4152553f
2026-03-29 21:24:25.337746 INFO::Fitting model to feature number 21, bfa34beed32ba71739902beda134f453
2026-03-29 21:24:25.339311 INFO::Fitting model to feature number 22, c5f3f2c2df993aa6d42e7a77918935df
2026-03-29 21:24:25.341141 INFO::Fitting model to feature number 23, X64c2b64c19934ba2360fe284744fd1ad
2026-03-29 21:24:25.342671 INFO::Fitting model to feature number 24, X130a8330de52a69354df4f227b62c052
2026-03-29 21:24:25.344237 INFO::Fitting model to feature number 25, X36e64f6a14c31701a814ed88d61c5cf7
2026-03-29 21:24:25.345989 INFO::Fitting model to feature number 26, f8975af07a433935c8615060ce6ae7d6
2026-03-29 21:24:25.348382 INFO::Fitting model to feature number 27, X087666690375b777048b392f8b3086a5
2026-03-29 21:24:25.350427 INFO::Fitting model to feature number 28, d3a7153014cbb497d7bd025e099be3fe
2026-03-29 21:24:25.352068 INFO::Fitting model to feature number 29, fe437dbf6f413de277ea1f26f2ee91d7
2026-03-29 21:24:25.353927 INFO::Fitting model to feature number 30, X43dc4561632b971be06fe9603e0864ad
2026-03-29 21:24:25.355488 INFO::Fitting model to feature number 31, X7a719f10db03cf19d136e08224ba0da9
2026-03-29 21:24:25.356917 INFO::Fitting model to feature number 32, dc0a91a3f930fef8628944f01c976b6a
2026-03-29 21:24:25.358445 INFO::Fitting model to feature number 33, X2fd96dc0d1649785e2b695005e5b6cbb
2026-03-29 21:24:25.359906 INFO::Fitting model to feature number 34, X81f53cd7f9d10322ad2f9e2e1f30a7cc
2026-03-29 21:24:25.361442 INFO::Fitting model to feature number 35, X18bbaffee20be0f8ffbf263c1b82da7d
2026-03-29 21:24:25.363025 INFO::Fitting model to feature number 36, X6da2b787d29350a11f29bcb992887a84
2026-03-29 21:24:25.365923 INFO::Fitting model to feature number 37, X7130d2759c244668bb8c5e95013d039a
2026-03-29 21:24:25.367697 INFO::Fitting model to feature number 38, f8f3495ffa8ad111c9a314f196b839e4
2026-03-29 21:24:25.369424 INFO::Fitting model to feature number 39, X42335451002e743fd705a300b373fb75
2026-03-29 21:24:25.371324 INFO::Fitting model to feature number 40, X5cf08d107f10bc4571dd491a9bcb59b3
2026-03-29 21:24:25.373025 INFO::Fitting model to feature number 41, X91ac12f2a71a81a4a145517e0667c7c4
2026-03-29 21:24:25.374481 INFO::Fitting model to feature number 42, X05b3c37966de355dc39930c4103ff589
2026-03-29 21:24:25.376 INFO::Fitting model to feature number 43, X53b54658de0c46c18eda9f4c5a232b65
2026-03-29 21:24:25.377398 INFO::Fitting model to feature number 44, X8a303db3d6b466981499de25a5ec66d4
2026-03-29 21:24:25.378876 INFO::Fitting model to feature number 45, X01901d6f4c906a71e2488045523ca7c2
2026-03-29 21:24:25.385874 INFO::Fitting model to feature number 46, c91f61773a85a5101c797a8429bcb87e
2026-03-29 21:24:25.388961 INFO::Fitting model to feature number 47, X001f5b5d17a34cb4bb03f20e9b6dc5df
2026-03-29 21:24:25.391083 INFO::Fitting model to feature number 48, X7c9d107e91d815d347bc278420773c54
2026-03-29 21:24:25.392882 INFO::Fitting model to feature number 49, X824ecebeb43c725d47bbbcd1bd7d0348
2026-03-29 21:24:25.394406 INFO::Fitting model to feature number 50, da04216f075e5d1b2cddc09c16442df9
2026-03-29 21:24:25.396149 INFO::Fitting model to feature number 51, X8d7c014aca86872e7451df4c18536eab
2026-03-29 21:24:25.397596 INFO::Fitting model to feature number 52, a80bf7b1576855543aaeed1c9d8be02d
2026-03-29 21:24:25.399076 INFO::Fitting model to feature number 53, X05f8c43bb34deb40cbcc164e64410db6
2026-03-29 21:24:25.400455 INFO::Fitting model to feature number 54, f1767e229fc331132c66ba7f47cc3ea3
2026-03-29 21:24:25.402148 INFO::Fitting model to feature number 55, X4790469e65b73b73a8cee2300ea51fa7
2026-03-29 21:24:25.403721 INFO::Fitting model to feature number 56, X06a8b3896e4a86a7c3116e0f4243320c
2026-03-29 21:24:25.405219 INFO::Fitting model to feature number 57, a7e85c6aac48df33665b07f5620aeef2
2026-03-29 21:24:25.406627 INFO::Fitting model to feature number 58, ce8273b6d1fea2b1dca4e24ea7b6a20f
2026-03-29 21:24:25.408101 INFO::Fitting model to feature number 59, X0e21cc1bf0d4d2cf722112c5a4ae3134
2026-03-29 21:24:25.409553 INFO::Fitting model to feature number 60, X26b0599c6f3f889fc1441babff4f74cd
2026-03-29 21:24:25.411064 INFO::Fitting model to feature number 61, babe546a127e4bbe62e70c16fdffa445
2026-03-29 21:24:25.412628 INFO::Fitting model to feature number 62, X68a1c62a19d5dd68a1040859934424ab
2026-03-29 21:24:25.414339 INFO::Fitting model to feature number 63, X2cededbc6f5d2e4e6460d95dd642ab39
2026-03-29 21:24:25.416816 INFO::Fitting model to feature number 64, f929e8cafcf24c0b194d9e48dbc3b231
2026-03-29 21:24:25.419038 INFO::Fitting model to feature number 65, X4cc94dcec64fcf2693e3fd9bf39bf861
2026-03-29 21:24:25.420858 INFO::Fitting model to feature number 66, X04ed5d51a7dfe83b5376c26987e076cd
2026-03-29 21:24:25.422446 INFO::Fitting model to feature number 67, X06f459e94bb69e7b8f7bdffcea3e2dc2
2026-03-29 21:24:25.42392 INFO::Fitting model to feature number 68, X2dd19b4e6a7867a118b429880e0949d3
2026-03-29 21:24:25.4255 INFO::Fitting model to feature number 69, X6a506a10888b7f86ae1e463f5d186473
2026-03-29 21:24:25.426945 INFO::Fitting model to feature number 70, X000d78770aa3b46d4f84568a723d1c62
2026-03-29 21:24:25.428525 INFO::Fitting model to feature number 71, e3b9d440eb993245b3b1d99e260ecc19
2026-03-29 21:24:25.430553 INFO::Fitting model to feature number 72, f2ae9532a9ca729854cdf2c07064f994
2026-03-29 21:24:25.433305 INFO::Fitting model to feature number 73, X899577a10741d336f48d2be23f9b0be7
2026-03-29 21:24:25.435049 INFO::Fitting model to feature number 74, X5e22ac39af6385a9a5d7a57992e0d8ba
2026-03-29 21:24:25.442369 INFO::Fitting model to feature number 75, X110ad3992f825e7203f1923383607888
2026-03-29 21:24:25.444481 INFO::Fitting model to feature number 76, X86ec537716ccea996d29a025dbd0e0da
2026-03-29 21:24:25.446553 INFO::Fitting model to feature number 77, X932d0c1f666b3a433687e95af993451a
2026-03-29 21:24:25.448697 INFO::Fitting model to feature number 78, X7ef15f834ddeffade9a799c5697cc61a
2026-03-29 21:24:25.451141 INFO::Fitting model to feature number 79, X16d12481fde3cfa6a4db366d25411122
2026-03-29 21:24:25.453626 INFO::Fitting model to feature number 80, X68125101a0cb11e3324fde7378226ba1
2026-03-29 21:24:25.455634 INFO::Fitting model to feature number 81, X792add25fd6668fad2a952ef3b123c8b
2026-03-29 21:24:25.457299 INFO::Fitting model to feature number 82, X98eb701f5f4286f77b9e839055caf304
2026-03-29 21:24:25.458794 INFO::Fitting model to feature number 83, X25c1653a751b87e522eb1d73426f2d0b
2026-03-29 21:24:25.460186 INFO::Fitting model to feature number 84, fc89b71ba14dc877e9e8527e6ed60391
2026-03-29 21:24:25.461619 INFO::Fitting model to feature number 85, X7f6dec8c96033aba04deee885932a9a7
2026-03-29 21:24:25.463048 INFO::Fitting model to feature number 86, X80ab11a5d085a5bcce2d24702f32bef1
2026-03-29 21:24:25.46451 INFO::Fitting model to feature number 87, X3f9e29a1882407186ab82a472f22cf3c
2026-03-29 21:24:25.466064 INFO::Fitting model to feature number 88, X9f9df4b3b3d526b6b619dc40863ad440
2026-03-29 21:24:25.467694 INFO::Fitting model to feature number 89, X973fc25b140faf326d124b9e2b6c8abf
2026-03-29 21:24:25.470344 INFO::Fitting model to feature number 90, X4517bdd009f366580e3ea16dd9dce1a7
2026-03-29 21:24:25.472071 INFO::Fitting model to feature number 91, fbd1882d5055c77a88c20831b56943f3
2026-03-29 21:24:25.473488 INFO::Fitting model to feature number 92, X484cb0f953ccaafa5a0308ae49649e41
2026-03-29 21:24:25.474935 INFO::Fitting model to feature number 93, X73e5b567bf8428743df8b7f78c8ec1b0
2026-03-29 21:24:25.476254 INFO::Fitting model to feature number 94, df6598227bff6741eee326b1cfce64bc
2026-03-29 21:24:25.47768 INFO::Fitting model to feature number 95, b9abed8a2eca761efe3e1e92673141cf
2026-03-29 21:24:25.479068 INFO::Fitting model to feature number 96, X35fdc9ee28cfc2bbde8d1a15cbb278fe
2026-03-29 21:24:25.480748 INFO::Fitting model to feature number 97, X13fae76db728266d715f43da8b06cb88
2026-03-29 21:24:25.482369 INFO::Fitting model to feature number 98, X5585e9ecc7d66b7cd2bc1e2aa80c2470
2026-03-29 21:24:25.483987 INFO::Fitting model to feature number 99, X217e0615440425fc33232133073bbca1
2026-03-29 21:24:25.485842 INFO::Fitting model to feature number 100, X0603ad3948b90513ee2cc9eaea5fe011
2026-03-29 21:24:25.488347 INFO::Fitting model to feature number 101, e174d720ff388a11cfdb310730da02d6
2026-03-29 21:24:25.490084 INFO::Fitting model to feature number 102, X24e658af979937b9200c49292aa8d919
2026-03-29 21:24:25.491664 INFO::Fitting model to feature number 103, X3b482af565b56c1b175737c5a08f86fb
2026-03-29 21:24:25.493105 INFO::Fitting model to feature number 104, b3879d9217bbd709b5f87450728b376c
2026-03-29 21:24:25.502023 INFO::Fitting model to feature number 105, X699913be41bb8e0253dcbfa042984047
2026-03-29 21:24:25.505849 INFO::Fitting model to feature number 106, X8701bea1e2e80de700c6f7848103f86d
2026-03-29 21:24:25.50871 INFO::Fitting model to feature number 107, X900bca7fdfd6334ecb71c7d66951a14f
2026-03-29 21:24:25.510434 INFO::Fitting model to feature number 108, X15de8f3c7d606dc32447b7267f7c265e
2026-03-29 21:24:25.512118 INFO::Fitting model to feature number 109, X07b64b23fa88ace003944a6bd9ee7bb7
2026-03-29 21:24:25.513754 INFO::Fitting model to feature number 110, X027db393f177304c52d7ec941f8abcf2
2026-03-29 21:24:25.515284 INFO::Fitting model to feature number 111, X3362fd00f03d30b01ed4d6a0549440eb
2026-03-29 21:24:25.516854 INFO::Fitting model to feature number 112, X1a5a9a605e5854850568c0c6fbf6dc02
2026-03-29 21:24:25.518386 INFO::Fitting model to feature number 113, X9a5ad3e5c9abb12041ebce1cf20b2b3c
2026-03-29 21:24:25.52101 INFO::Fitting model to feature number 114, X2bb41e138153ad02a6fa5519b33bce6b
2026-03-29 21:24:25.522754 INFO::Fitting model to feature number 115, d4debe4c70fe5b905a42e3561015b680
2026-03-29 21:24:25.524559 INFO::Fitting model to feature number 116, ce7260fe3f31c7fa47ae17dc33d2b8f7
2026-03-29 21:24:25.526276 INFO::Fitting model to feature number 117, d00c0229d6c816a536d76703e1657694
2026-03-29 21:24:25.528047 INFO::Fitting model to feature number 118, X0a07b7b208f82e574548033057612667
2026-03-29 21:24:25.546969 INFO::Fitting model to feature number 119, f026bc3d92e943febaa74d620be5400d
2026-03-29 21:24:25.55016 INFO::Fitting model to feature number 120, dc64f4ef4d4f99019072896947b19e4a
2026-03-29 21:24:25.553372 INFO::Fitting model to feature number 121, X52587fe587b5a2f19c6d2c4bf275d9e3
2026-03-29 21:24:25.555451 INFO::Fitting model to feature number 122, X2f2ff15fe3d7d5b9f3eaf57c0085d696
2026-03-29 21:24:25.557348 INFO::Fitting model to feature number 123, cd97244e66c39dce8f4676f84c858217
2026-03-29 21:24:25.561797 INFO::Fitting model to feature number 124, f769025ae5e54c2b1c149e59018be56b
2026-03-29 21:24:25.567638 INFO::Fitting model to feature number 125, X2a65ea84af79ed5b12133b79a4316e73
2026-03-29 21:24:25.569537 INFO::Fitting model to feature number 126, d0d50837ea593505e44f737833bece1d
2026-03-29 21:24:25.571545 INFO::Fitting model to feature number 127, X6095f2881754dad1717ec230da3fdd17
2026-03-29 21:24:25.573138 INFO::Fitting model to feature number 128, X20ec2008e0cde12ae9db741e1fdbf894
2026-03-29 21:24:25.574644 INFO::Fitting model to feature number 129, X504687adb582701412c2398587d62e90
2026-03-29 21:24:25.576066 INFO::Fitting model to feature number 130, X91a87325405bbe801e6b80e84794a59c
2026-03-29 21:24:25.577629 INFO::Fitting model to feature number 131, b606c96aedd0a6e01aa38924a1e6ac97
2026-03-29 21:24:25.579184 INFO::Fitting model to feature number 132, X097138be3a15c87233cb01e6ee6a4da4
2026-03-29 21:24:25.580734 INFO::Fitting model to feature number 133, X99d3a570385395e7b7bbc7730e1e2241
2026-03-29 21:24:25.582345 INFO::Fitting model to feature number 134, cee9524606a8ab5eadbae08cbd21e830
2026-03-29 21:24:25.584798 INFO::Fitting model to feature number 135, X42f2c85e07acb225914a6f74539a7493
2026-03-29 21:24:25.587353 INFO::Fitting model to feature number 136, d00543d8297858e5fa92233bead584fb
2026-03-29 21:24:25.589236 INFO::Fitting model to feature number 137, X2440362c889061ed1e3336b6294559b9
2026-03-29 21:24:25.591028 INFO::Fitting model to feature number 138, X3a8cde26979f03989e6a8daa6b6afe3f
2026-03-29 21:24:25.5927 INFO::Fitting model to feature number 139, X4499b0901e611126af0d04752c158976
2026-03-29 21:24:25.594122 INFO::Fitting model to feature number 140, X6f6bb5719a47837bec3b21f081649fa1
2026-03-29 21:24:25.595608 INFO::Fitting model to feature number 141, X624bf43afb17a855a6d5c7b51078d497
2026-03-29 21:24:25.597038 INFO::Fitting model to feature number 142, X51aa2158188e220896f9ae6799b3799f
2026-03-29 21:24:25.644759 INFO::Fitting model to feature number 143, X70ac971d9d8650d6d1b756a39b8709c8
2026-03-29 21:24:25.646433 INFO::Fitting model to feature number 144, cfccfa9165148a389d5d226d7f97efff
2026-03-29 21:24:25.647926 INFO::Fitting model to feature number 145, X250ae434718610d409882ad11002f97d
2026-03-29 21:24:25.649267 INFO::Fitting model to feature number 146, X9b240322f8821ffba1a5f8bb330b0939
2026-03-29 21:24:25.650661 INFO::Fitting model to feature number 147, X45c8d14eb00ef2e9f7e2c5dd9f9e58bc
2026-03-29 21:24:25.651987 INFO::Fitting model to feature number 148, X7b73f487be48db4355bd16e9c7fcd104
2026-03-29 21:24:25.65353 INFO::Fitting model to feature number 149, d062c370afa965a780cca734ce7f438f
2026-03-29 21:24:25.654844 INFO::Fitting model to feature number 150, ad6578b29eaa8bbabaa2b32058cf16b9
2026-03-29 21:24:25.656347 INFO::Fitting model to feature number 151, X34b8adfd383e67b3a25385389ecc77de
2026-03-29 21:24:25.657803 INFO::Fitting model to feature number 152, feb2e37114daa6d2f4387811e83850ba
2026-03-29 21:24:25.659273 INFO::Fitting model to feature number 153, X14e5bc76eb89c574b800654364a9a6d2
2026-03-29 21:24:25.660739 INFO::Fitting model to feature number 154, X37bcb14fa58242d26a64d6e6f3c67665
2026-03-29 21:24:25.662532 INFO::Fitting model to feature number 155, d5cbbc9a01e17da0efbca098fa6736f9
2026-03-29 21:24:25.663937 INFO::Fitting model to feature number 156, X0d3b0b9d68763805793f9266323bf863
2026-03-29 21:24:25.675827 INFO::Counting total values for each feature
2026-03-29 21:24:25.682588 INFO::Writing filtered data to file to_delete/features/filtered_data.tsv
2026-03-29 21:24:25.691157 INFO::Writing filtered, normalized data to file to_delete/features/filtered_data_norm.tsv
2026-03-29 21:24:25.6986 INFO::Writing filtered, normalized, transformed data to file to_delete/features/filtered_data_norm_transformed.tsv
2026-03-29 21:24:25.70621 WARNING::Deleting existing residuals file: to_delete/fits/residuals.rds
2026-03-29 21:24:25.70736 INFO::Writing residuals to file to_delete/fits/residuals.rds
2026-03-29 21:24:25.709881 WARNING::Deleting existing fitted file: to_delete/fits/fitted.rds
2026-03-29 21:24:25.710696 INFO::Writing fitted values to file to_delete/fits/fitted.rds
2026-03-29 21:24:25.71196 INFO::Writing all results to file (ordered by increasing q-values): to_delete/all_results.tsv
2026-03-29 21:24:25.713576 INFO::Writing the significant results (those which are less than or equal to the threshold of 0.050000 ) to file (ordered by increasing q-values): to_delete/significant_results.tsv
